1    152
2    322
3    375
4    219
5    397
6    20
7    297
8    198
9    121
10    93
11    87
12    46
13    177
14    232
15    299
16    487
17    280
18    355
19    192
20    128
21    475
22    10
23    426
24    294
25    214
26    276
27    295
28    76
29    471
30    112
31    124
32    468
33    454
34    106
35    480
36    252
37    436
38    345
39    202
40    308
41    307
42    390
43    420
44    201
45    117
46    339
47    259
48    219
49    303
50    305
51    2
52    171
53    137
54    275
55    456
56    141
57    39
58    191
59    451
60    104
61    279
62    243
63    450
64    240
65    408
66    411
67    100
68    323
69    248
70    481
71    123
72    227
73    233
74    75
75    243
76    9
77    139
78    386
79    420
80    150
81    500
82    309
83    153
84    254
85    237
86    264
87    182
88    148
89    399
90    321
91    292
92    425
93    5
94    305
95    207
96    252
97    493
98    374
99    389
100    291
101    89
102    68
103    424
104    348
105    473
106    37
107    344
108    317
109    361
110    163
111    68
112    159
113    316
114    363
115    344
116    366
117    135
118    432
119    227
120    387
121    183
122    442
123    236
124    124
125    25
126    21
127    106
128    324
129    208
130    429
131    345
132    78
133    281
134    382
135    322
136    238
137    442
138    327
139    198
140    479
141    360
142    276
143    172
144    27
145    165
146    197
147    208
148    128
149    487
150    86
151    209
152    396
153    445
154    361
155    311
156    284
157    13
158    351
159    222
160    219
161    217
162    322
163    326
164    428
165    168
166    308
167    75
168    493
169    153
170    308
171    196
172    292
173    24
174    301
175    490
176    362
177    30
178    143
179    319
180    298
181    37
182    403
183    367
184    455
185    272
186    256
187    370
188    478
189    394
190    413
191    456
192    212
193    481
194    37
195    496
196    244
197    379
198    360
199    175
200    228
